3.0520831174939484
5.9563041445589615
8.880621468349386
9.796791033454745
10.694981928813235
13.766107353810753
17.776190886099805
16.8181427184428
34.82694121439711
45.52998830678598
58.148414275716306
54.65689708463199
57.06719656323081
61.10280515436324
56.885646263058966
105.41372001341655
98.84536453304406
94.86802129225134
114.3676609301459
133.69512319166347
91.88475880628297
69.24614814568301
69.2215251664686
49.39979223873044
46.12398306756204
41.683652266491976
34.93861195934126
32.70934147721005
20.14863663437241
20.249909745057327
15.781511377153791
14.619176285496703
8.224086309422773
4.911585134853661
7.155183616630887
4.522776887231498
3.6523989400149115
8.549023515019408
13.303896210585961
11.892612570881187
16.352500077149774
22.864361210709532
20.54119246990956
19.487594158554227
24.80252997677173
20.176395151218323
30.77829786740962
33.5958349121816
51.957478554909905
57.736851691384715
62.85184534868011
69.39833173563585
68.23913227574899
51.322121505618846
48.72372427432357
40.63444655138905
24.430188628403876
26.366263631653098
36.90942539491069
21.498647155290612
13.640959096622101
4.7046891163981375
3.394661531721605
6.206470501512216
5.3137818629267475
8.426080878617935
7.8487181112020235
19.230286021707826
23.910412671817596
20.890681656931385
25.14728406959071
34.462700631930545
42.377953303790314
44.23092550793944
42.606975245326865
44.189749852924166
86.80207872395835
106.56494090273317
78.5596232786366
67.44802873327895
88.41576437987574
75.73809134459228
59.28291796283672
71.92433748560676
77.70948896851093
51.651783388393454
57.62799236630879
50.81663931192119
43.020988751802676
31.296498238447096
36.279601648270564
24.35856528923849
26.418666462570563
20.622025111901216
14.30023983239484
11.395014917553969
14.393040268181148
7.156900436644044
5.126369769288516
4.581649252201117
5.668500281073111
10.647073223836383
7.394525914913617
10.702953658142047
10.54966142452476
16.902100209022617
13.57878151204006
29.220807952552462
39.501457090538494
47.06740605204253
46.684007533839264
51.64461306570685
53.550124917871486
62.424603368364515
73.47564167974129
59.30012071678101
50.085086812704844
42.476381688918366
28.172502389833234
33.14011615046411
39.52526377896552
50.87193576377753
18.067833710727612
18.885642074683894
9.527958966192564
2.9178578701447178
6.692007888120563
8.193006765227501
11.024912076103124
21.44343348715548
30.95374357854389
31.614192361872043
31.591236615590496
31.432276530058946
34.71605008121112
49.58187879411911
83.94378851817925
85.96491587996599
65.67026058372093
53.628905760486745
64.3838540479361
48.69796783783922
66.55719950332796
77.6920770827899
78.87806995792951
99.17938692061617
76.41231939979906
63.77067573212038
71.34361571721603
52.67480463188032
52.56011374079284
43.67487179984077
35.621682017209935
33.823233144371116
21.16712353116959
38.86963907152807
21.86789927867434
19.671377410943066
8.674003824319705
7.323319819469444
4.597608675638779
3.1807030251747577
5.990813032731742
8.03263691085723
6.29545935176915
10.045840818361349
10.600501047739396
11.836503637072628
17.03567186511543
32.68067548521775
44.8207479220223
47.35610618604247
48.24108062863786
60.06841880071416
51.22536586615022
61.03824363668815
67.65559953549246
66.90750862630537
49.963922946725944
39.25692932024944
44.835268256921715
44.74741436842865
43.910914088775336
29.44006159772133
31.928652148687817
19.33844893042282
3.9228171700341714
3.4361293033687375
6.197866470730979
12.263743585367491
16.421249989559918
20.35097054132582
23.25322664235177
22.968562986882247
26.46111754019534
65.98051313380333
74.87160378116488
106.98567734170294
66.58078831512597
132.65965277734938
62.700989321686436
76.19738526586073
73.2545664191544
73.29367012296147
87.97503956620294
111.14478930689035
62.97611151046659
66.07765946408031
62.77798352607874
62.65807675949537
49.51391468548032
46.86519152489613
40.61457250240446
29.08415435692566
31.760802954091307
19.77929694253919
18.867163819191816
21.606271989878543
9.043481868383424
14.480514857046177
5.706887511518563
6.365973641654507
6.242383126769452
3.534101909351331
5.341539788718987
5.326664862274106
9.964058684269721
9.906078116447683
10.880420715367816
12.422626310348342
27.94071441829128
53.04868436109733
56.06558664607598
61.47422969000104
56.201927869825084
58.82915666993801
54.71020827115994
68.79225742726497
68.52131636974441
52.13727420484449
52.05812781255182
51.44496426326656
43.22653713336131
42.45604419681313
25.463727717575505
23.62674115470104
3.9825923930680407
7.1224816436111995
10.244675450364138
13.282638025493167
12.951662625422667
20.702578257007687
15.600823974680715
24.42431311698337
54.31435857710984
90.40995612471441
97.61804303326757
96.82595924598647
73.32554977608952
72.18118925873102
76.44678896020133
82.18923882824066
70.45163170790809
93.83641134639808
74.86212550713128
85.79895420112288
80.27953056025518
74.15920893541423
92.94932490529992
67.26694842257106
57.97189326641679
57.09076378990675
48.45218694085679
35.422449829525114
35.593097579232214
34.09402108742033
22.962450833500732
10.86055487990627
14.808488381895842
7.497325638121132
5.444858064714158
3.925188847418552
4.5307322719650545
6.175399891673073
5.801674922688754
11.005298054877066
5.193488291310381
12.03128242013834
16.772915958734192
23.578589787886727
36.56433248911029
49.92047805428065
68.51917154992304
50.70806615104379
66.76756409762622
109.1361769138387
65.81433137219686
68.3163182575248
62.703153121796404
67.32897769932836
66.82318057662425
51.356354945816605
48.71323481884414
39.633082304944466
26.0393804878912
6.967378106410904
5.254038832129837
11.121859581680859
19.237731353223168
9.406873766774158
20.442044759555976
26.83300195898938
65.6877373780309
68.08499905687475
85.61150726902045
253.36322107343904
93.00516608699351
130.93554221847688
53.633254677516
58.61856346923575
63.07994591248885
67.50720148197945
78.5593808034231
93.49990658382262
103.08196784387837
61.759033261298605
99.57467469023133
90.63424122320973
71.63731705297323
71.8227376456496
61.96813095939246
52.0175249896989
37.47559049141533
40.470087474314624
45.58340096272917
18.750461903659254
20.548532780900963
17.759712763392113
6.265680626810047
8.50543467274904
8.373219063710877
5.471020819969759
10.093231405583055
7.0149127359123575
5.898105165612877
9.816947629350057
15.945858156783611
17.653338630968793
26.798067428167972
34.571595931295676
53.59398836544047
69.95983024123925
68.79946287886025
115.83374301944502
114.42328312404265
76.4697015928831
70.66554491550355
74.75396358676576
80.99370782901279
75.44656298329564
73.04926071278129
45.402857856890975
45.17901915044111
6.014682904299667
3.1377085561374596
7.954137006751072
15.38905214114672
14.369453937210906
23.10115509078439
72.76618623919379
69.50754871036041
91.0700533386585
90.97542139553178
139.32200333518614
59.684492052749164
191.27501226720244
81.09738044517547
81.35903887745368
88.78492653487102
99.16851895047836
108.87269124609767
123.76997352169988
115.95530831710775
97.22703359291926
87.78693126471777
90.48100631759232
84.91655491679225
73.29317216332052
76.34210224006796
54.38628049744314
49.50105869220759
59.37039126531063
31.789620264458645
21.443554923959173
17.775486643362555
14.007639218859257
12.637460767364647
13.531484395727592
8.818298458718367
8.194759589562373
6.078641777714168
7.320239845414387
6.884157226330602
13.666311980805737
18.136629009147992
20.595205071386907
32.783561967904596
60.561611524883745
80.8067695648667
80.46762791352987
69.50043397972235
368.7291001432129
90.2396186018581
91.8874773299872
101.62950078518226
89.70539419282059
73.84596978041542
61.79497756190672
69.43331399695984
66.18122099490273
3.5704680113516747
5.900148935068149
6.400826524285569
17.527634730596347
24.73477213319925
51.92441755454972
44.51940930766658
82.64781106143913
97.04111568437693
124.2571172105809
72.25349549971466
159.53044515572788
94.26005997778844
152.14011250267208
80.57275472775675
102.6901353787047
95.02979655728666
80.06848747741975
116.02101417561555
98.48294631795798
100.37879772903668
79.47498482394462
91.448987200396
92.35870788904191
96.13096776608444
88.1432849331792
44.121008715790666
47.25388784205508
40.818458989708546
23.362670420343363
25.72489762010356
24.532142010381044
20.253026118364392
13.495871810681091
12.14355023035048
13.958488280177418
17.141160140129198
10.958855290087802
9.589113295849218
9.810845397197914
13.051875244312667
19.556029953991064
34.23389064556973
56.42316534856889
67.48602171154313
78.15305477223569
45.04607673006494
93.98501921999926
84.74002496267657
97.74067676193344
88.501047037409
92.42504110510008
109.64393456695674
113.3353214157647
93.95430754661336
49.29456600022125
4.133842354887854
4.19699840289198
9.150275719897262
22.12287676083462
43.39391052179387
59.420079263031504
81.07773033305389
91.23352408718037
93.07818270021691
98.8152290704531
214.4743740633366
100.89301327846542
34.93118311002168
74.8910963275305
67.38420170944819
76.24338126061234
63.41236926695602
109.55219204974611
102.97405735181762
122.34195644181847
55.37026846773788
83.37942252942489
90.97418199435307
102.4230793083758
91.60345577308132
47.100901032085844
49.335831464714424
29.086671027726545
45.265564030339576
35.58715271199138
19.819810753304274
32.08070037460043
17.020129289398454
9.529140690093516
10.764056963894962
16.732417121723998
18.713033441806743
13.052475542862886
14.597470948538298
7.000686164603531
11.34746183292186
21.573044456481746
47.29865860693512
91.45132412893501
78.27997663650935
48.507788673553634
75.77426282107751
95.16768279494805
74.80630463165917
77.56442500439279
126.25740758715685
114.9816944832441
81.22178189437028
93.62099002873654
96.23768911236513
4.434163987715245
5.411526758249122
9.573590953765057
32.70946048031547
42.966810288667496
71.93613338830448
99.88664545027507
137.76353332510038
121.78161014666014
95.42434230986044
97.53269057534632
113.39072148677323
81.78456785338795
86.35931958794646
97.69657897550752
97.0812292318443
84.07761156466749
72.86431392168146
53.5800565264678
51.545812679846506
80.17586557060369
127.4023724194582
101.1709417760547
80.60192327848969
87.3191393654426
79.77511994810028
68.70696771328397
67.78204492061946
49.40710408786585
42.061217458427194
22.926705892096535
23.472308083768773
29.695434071816827
18.647796230937438
19.147044736651722
28.780688684343787
16.517588245255745
22.260062537497824
11.291845453953158
15.13632746898098
23.708677508315326
38.27513430812421
61.45887653355018
78.49364367913742
53.93706616569581
59.23313729324072
75.10516163066151
51.52063914586933
85.0740570719426
89.9013242508246
113.92611224623667
113.44771740465848
69.29979186147327
141.50369836441828
2.6230452349830093
6.16438916349207
12.88604279627922
20.66445770406969
43.26628023873316
56.153790695090024
83.92880244028615
76.65094866345783
67.99815594903276
104.43718533985617
104.70665459334228
79.63465732082553
116.58057244296303
95.09954041583487
103.12480946820081
73.58983979433394
100.89552207298235
59.133609701549815
92.29433913051803
126.74026257328683
66.61754487415973
65.77066469163523
104.8044584619369
82.36678671375572
46.858446988954285
65.26453586685308
50.87244633580221
48.41335545714915
38.18824182162864
38.6335432037266
37.3228568184627
34.2450883639542
41.24666760754132
43.79186287803868
27.26325909117397
16.262988067485583
32.21764575308418
19.346873548916697
19.915281965441046
21.07082173837037
21.83050183478312
46.12914116621357
91.17063053633936
91.462058705712
77.8849762309004
221.34649303593224
93.6070511832311
83.51416896703995
64.84014735054427
76.35916828208977
93.21973726848233
66.11268811999302
80.08193936135919
6.599056492175103
9.869229943882083
17.185847368541964
28.824257066222174
51.83788703587132
82.19875741818058
90.05306153664984
80.70704696264136
68.85739236476186
60.476662610033685
127.28860407635591
112.86735880816317
92.00927354761166
100.3266391916955
78.25561390528812
96.80306917970246
62.64195112421095
67.2288746503291
61.465483578800765
79.29209512950324
77.60192866440613
98.62729761824193
77.90611356322583
70.66315705578373
64.4528161067154
62.500564524175324
49.63707828004645
38.198150469834474
43.691558696543
33.94439030548355
32.65871140109915
31.676176559478023
36.137537639824416
33.830919007534675
46.67117512759645
28.121754998656428
30.676400547524793
25.616702317491047
25.8758120704123
20.768871728830522
53.27407838920207
65.39853098318599
78.03561185196065
64.50884835455459
52.81304061055904
75.85083019982635
58.08824676259265
101.3272102113481
72.23878533996763
102.11998920891338
85.59715310085909
91.20225931937787
2.348810860127708
6.243019113230579
12.780258726131603
29.218149068454878
50.439509797760515
59.14446944379584
99.43121264689648
95.5689010412608
84.58579056841168
65.66929175651369
120.61468400921724
105.59517030101424
107.79137445599812
92.75449464488422
73.62697992007774
70.39804242462334
75.0505888276343
87.58471196507364
63.81809991374075
91.05629400453864
66.66413560306964
58.963743929767816
69.91131593443689
77.66059559921841
54.72815746344455
45.52121096764036
37.78002048496779
46.787970027942556
39.17093939464267
34.788506258778106
47.49738773850891
39.952394161184245
40.21643513372935
70.88510956326427
55.93871266875893
41.14070149743286
30.450935722617587
33.942086333469035
18.795774446182687
27.863416036953623
36.29426898145824
68.82702406750727
87.16057442168463
63.32644871999848
62.019471513384644
130.08484952636567
78.1237744286698
68.04924892962723
127.69446704229429
171.0161969447867
98.49950364468631
1.7771725668992786
4.159791956772797
8.131032628999442
18.572545533237637
40.74463789414847
58.21233826932388
68.55533333800949
77.51102738219828
70.60066991311348
80.61945559381766
67.952535634731
126.56310701706701
86.8913904116127
133.71999045433228
122.70798071630128
76.12590708057101
82.14626277089542
107.67563636666318
113.66129069214027
61.67023311753014
74.61666981609248
83.97532292246817
96.62630579412908
61.71554533580981
59.597367446063345
38.25344190369608
65.47269217301229
69.22007592006165
51.61810531951399
49.76534977774625
46.91606180605584
50.32572202140162
51.566659568030296
57.53920569042321
38.92141749156582
50.4988694925222
57.30334531300986
43.96636851563991
32.46177882899444
53.11279937526079
53.918034061140034
83.20460005232351
75.02004126545967
96.89436979455155
68.54643581519119
75.4606777074165
112.05834468909198
84.34019587404516
82.94388449454428
69.24411761869695
2.3830777039389095
5.838671670328585
8.90133240408239
14.788932178135541
42.56699555297162
51.36614973278654
54.61175308447055
55.82011042411056
67.72985167788286
45.28571991483043
59.96371035192675
69.25157027456018
115.86182379114953
68.55673499465696
62.080392710124144
67.90650919835164
93.85452364936457
97.90210015313149
76.7481318899269
85.10265427329492
112.22548998535805
86.60288310525644
76.96678002347096
108.4772577876308
71.47744713952255
93.34122919327925
63.26540422784675
67.04552169943682
69.90245737025909
61.72387765911756
54.7233390070484
36.358776757461
43.10769454159637
37.04132119312362
59.30144258128344
59.78484329209335
41.7230671681354
50.13172297065434
32.69137988519528
54.382201307191764
44.94944681548397
72.49505196405778
69.88810501611025
33.573286772186236
98.37150015565248
66.54033624617408
59.59802170991321
80.96477732701786
89.79020398533487
2.6301180220168447
5.542341192439494
11.068374914098316
31.26412328255953
43.60754207366881
36.49040973398314
49.07555104372446
57.7470787113906
42.19364239337615
31.974253248574392
40.828567128000024
48.675034182116164
64.26277966605018
85.29797959561773
95.78628092597413
47.46222115984702
70.5411582851834
114.94621948400736
103.1258079990917
120.63185210282022
76.99742390501828
55.93099298947372
86.68981585643606
98.08844888759045
85.58213428396618
97.60761592270288
88.92265605649604
97.66577494161413
101.46409622041608
68.12033036366081
25.22819791886673
34.85876938825376
39.918411178642934
43.68053848142959
57.76571835085902
41.27034661003228
36.869176031497
38.601739726143975
35.86234489866075
37.821535503819064
39.04807099430573
39.402039954787625
63.993312504456554
72.64155541796478
62.58001612549549
69.51568856885002
60.79676253319139
107.3177988713865
3.227590248040544
8.167130516076167
17.822503103518397
34.80100764899001
30.9096001122922
45.882947377405365
55.41076265719832
53.23508808802581
37.31925265505987
34.71243181531494
73.01807867810108
49.704870170661366
70.35665674092985
70.48496734109435
47.97005369663196
53.2524593427312
112.58602481108124
61.64070797113861
105.41184133812052
69.98386353676067
111.4117873198256
97.96717665482399
85.25383054458301
82.79547652405464
72.29398780393355
77.56389676930186
127.30541371835588
153.22540035273002
89.28997487487219
57.60321764342822
45.85648123938438
39.981570943933534
31.228060755038868
37.7139573796527
34.219619084744835
41.70194827822438
39.77540729737503
39.523846944754666
29.252770325486846
39.515524457791116
51.77810486203984
82.84260504988603
61.69657044341598
65.92042513884478
78.39583160066351
69.88410850601764
90.5631890877339
5.210954598007403
6.533115196100921
21.56254720641364
16.82322813784942
21.691459947267994
41.9213940525716
37.42089169414494
58.53497931224331
32.654185681441575
30.13942444921009
44.66791371068389
71.392732218144
66.96169437095655
49.133496946311496
60.95707975912363
53.55992382952627
79.0850093289713
129.0397740466693
83.73270957326122
80.05775515682313
61.75639680068784
94.97479207134447
74.05297513426248
87.57724977420415
47.06970965896892
57.92162213206565
134.55756970671604
134.73815596721616
135.98512896301094
79.72257852228972
27.405562174170036
35.16829625831422
29.64188461977198
35.16857955578926
31.368309934089414
29.038089406074384
43.75599673253841
36.12403837388627
43.76883496584534
45.954999447965434
49.45470944918408
91.98918285576521
62.1582313404125
55.37941343644766
74.36351994224106
97.01146426570205
3.8562515699093463
7.7390809064300345
13.288986523642123
21.280548969059105
21.450833326719547
15.562608328016037
26.89106872799234
22.18256919583252
37.81212247576783
52.133019971450054
46.0537996414109
47.979064689198296
47.810592898308684
85.59691519537176
63.157890804318384
72.60062422570411
81.21705877486662
126.45012771712892
95.56826411175975
66.04670589445661
74.73665023288994
78.49208192090308
65.8509985291276
48.523891839501935
79.33574185954564
56.55173826744881
84.28017767651114
91.16004985225048
89.00538746902308
63.65703232250965
35.20280236409901
20.39907774001202
32.774538339265035
31.450965894039435
33.7091173891142
22.98846467705951
27.471123680446908
33.53190406888369
38.00350906312144
35.24888487188881
89.64947332935259
59.91248239467682
58.38001472831996
45.092969586236336
159.64742766885388
3.681745819132311
4.6467842744566745
12.905468977736271
12.974456269196107
15.815665573516132
21.006509482978796
25.014274815615877
25.490102663691204
40.17148145587245
51.25480970571448
48.40834455930872
29.83704175550606
43.9441576228737
98.34574300867597
58.744320033902504
64.68272244044428
101.60037953851317
83.39839101422118
94.67703539795151
56.17896316845161
74.2541686362342
75.14981196745025
66.03041755195011
68.66407019199485
82.19030737719291
69.27742454357559
104.82469763818749
93.77458751057853
86.9374748780048
36.68094603752783
17.766260220060826
14.223077837628175
13.199762986924686
32.49199860886033
28.873780094499686
13.420593728410724
49.1052660356087
41.150151127003255
53.76572541838823
54.81818465541509
82.03524022925941
57.504521734136176
69.22141542000794
66.5918551728187
5.225026521302315
7.584515390968459
11.486644801369195
11.267334583785333
28.891756058657194
12.401831185502934
23.453393338348427
38.67541666372092
36.65386794603772
43.37081936448117
40.64151750748824
39.871278182326215
44.515754921405005
65.09136171677677
86.12163332947372
101.50523066406267
127.02695413886485
124.34513915726467
70.25928260717394
70.60263133063435
43.25555573761363
71.08127530847486
89.98232279868361
68.96995981388251
88.80661173805336
102.52026712428273
98.49581893154013
73.58704219690289
36.77199975982653
34.800537629581655
19.58267833803807
24.400365908006247
27.236796902435465
17.693979647315672
18.359358034334047
31.615658623557522
38.369896236931424
35.049212743951585
76.61436665161685
57.57950599078205
105.66053213719891
77.29910278555946
79.4972698785536
4.525429294258291
5.421663222000573
9.845844835827599
15.681076196628979
20.926487212024924
16.87482889820982
28.65508599355364
39.27880490142732
53.82134197496164
29.79577358674429
25.914334578187447
40.432421861898554
55.28299860560249
108.82357313699436
99.39437060992591
116.34326716317156
97.52217994157701
80.56561235681598
84.20801810545181
80.79756939220766
92.65823211647803
68.46909579364575
74.29287425984899
75.8662810572115
77.2317996415421
103.89568548585964
85.86284117157098
64.38143430597927
32.89153546142957
24.145505862619373
13.734903971818635
18.171715640845015
15.333124675944532
25.291866488353655
26.33926752314226
48.79631540777926
54.76772728514709
71.2680912250693
78.46109962152849
61.83969673208148
102.87408328475814
74.11969598711761
5.03654270906047
3.5049885451742577
8.356306118669412
14.703929031652336
16.43191822845487
18.388463402294136
18.190781333236195
31.621010176349806
25.066775553919907
29.68610409831249
31.953195790871135
52.53663882428354
86.89251333332535
72.6572141232404
93.91867213813362
72.4934245841565
81.16093348937562
93.36271058882711
65.94538979077595
72.84321645427144
65.18947794007761
98.23340453522506
63.40894251136146
91.30064694879084
99.79710248410821
87.60860911843946
55.83332842074402
42.48606806285812
34.08204805324362
19.972683075319267
14.604517967743984
12.16673094129891
11.374587415404246
15.586165201362778
21.426371504897276
36.63656408719112
47.79976097066039
50.37054627442295
62.79983844573365
86.8237718212762
60.127497809753535
8.819604896944504
8.933815446356588
13.305769859045693
16.95176196897171
23.73777859495067
26.59610220765574
24.62993174274581
23.848621837008416
39.34036693182456
30.010370280356042
46.535971609922
101.99487045822764
89.57033847847484
90.60707946834951
72.39474995800744
67.9930134893116
81.30819323962943
66.71332512993574
73.03322326341373
96.64071222429128
85.91088102786466
95.08300478340337
71.47429552212257
85.02057165670868
83.40933070386774
72.23941785999203
46.256997490274834
32.07805809094002
25.51668390845874
16.844572992605812
8.82724841719601
21.264044291642755
19.616616004615906
33.66460379947608
36.450488964829496
53.706987253791894
50.204689187148475
63.27946034482363
44.56190122724036
79.09408554200765
4.829027634546504
7.490122074197234
9.707007965868971
20.856182889594514
15.159294937377922
15.732467918563515
21.64695084106277
24.213976939666136
35.78248958881521
42.34642621836807
50.905370736438485
61.747464928773816
93.69936678124081
69.57761453696244
69.21409215602304
76.06105473454758
65.51578426814879
59.66777410326769
81.48171068730247
63.55793189301153
73.58198952074028
102.56857851903514
126.86098944066896
102.24535066604012
60.93109093070914
52.044841997730686
40.596336102519984
22.651617879347093
20.31235196691331
10.47277224433294
4.031074779016364
9.664847192274589
8.549093424937373
14.570469317762353
22.720813540700306
35.50132193708099
56.69616490980812
65.66065505948872
80.74878749552968
3.244501638057139
6.255145180000653
7.7628650761522415
13.431783937086756
16.80590478908833
14.665557227250414
14.201007133716768
29.361665875701288
53.17980783430464
68.20835411448192
63.17652322618699
71.75691754869715
70.87991829619367
53.41489523409305
57.0728819082204
69.91407259462419
56.43455083149302
99.59509255590072
74.57298932096221
79.18253983767946
100.94271072994789
91.73273804136822
89.42896159983414
69.94720913285762
61.10201039856695
43.84771741148639
38.09402348392521
25.770443896901497
11.24963754803636
7.1248990550969955
4.559995801751086
11.747170632917136
14.344423034473397
21.86783114066111
45.82623920533986
46.20294671867536
54.39911091927884
73.99416239443089
3.9282539536350027
6.144092762863945
5.746453162130164
7.873922770119979
10.40061123432934
13.884352674837839
25.754325969859675
27.2931762197782
48.70785022051005
41.00029987581175
51.28522036709916
56.39191057412023
55.29180735297313
59.22641551129814
72.64699937256756
86.07430887245465
69.15276673249495
85.37444090369416
72.29185274888248
85.4922027304475
98.94912964081651
87.03559419316028
70.03097292156174
64.78772733173822
48.105440981862635
18.449332694037544
21.421825656490626
15.307633321951243
5.62950272302993
3.0836685780919932
4.450298825139468
7.153432229879133
15.702588761208842
20.179958920201805
42.42811967622265
46.49293008735402
52.57037970286904
2.8202191884391743
4.378636041161618
6.6449928405135825
17.97022129526833
11.403054833829906
22.818217408891126
22.9587391116562
40.446648888129694
35.13891658145336
47.53185520851373
44.10116656063593
42.65104098549851
60.492375221842266
59.68063699221171
62.61986842541999
67.26046921463757
73.9702805109134
66.46491750251785
79.56234273281764
87.38558059168795
85.37606897994579
98.29433600849475
77.6227001671243
61.55902321731381
65.58105038111667
29.93288552692966
15.839151343481099
6.528725467786996
5.703881294573089
5.008285194721826
8.038882280375478
16.98793669627846
14.322096134237695
29.603652202447293
45.799940144389716
51.50842127772536
2.1318146270952294
4.417453327575425
6.563668961120782
9.544374803182707
19.013937867686366
22.475710396043752
29.2458458133012
39.792879230858986
41.19209016768127
27.80682297609617
49.44728363026432
55.233813097418036
57.10344936583547
54.717621979268536
62.7739180118458
64.73845740097093
73.16822869351407
78.54480387402221
79.10502845119592
43.00000295272354
110.56466920929385
66.04906373116597
73.08654550062214
65.37375612251999
42.514556948639026
19.60288951316442
10.661374600436815
5.49470188422073
5.789227952932648
10.827872287899599
9.174785224117858
7.454281847679548
18.30066251792858
23.893328152389948
39.284361654483526
2.4584379132686176
2.3607389499490345
5.185958615239244
12.682913899426762
13.0352635854759
20.565909635055114
33.08959174099568
48.24080524917858
34.05188325725388
40.300324827983786
53.47304524501406
50.50846135713417
57.92505073101745
56.34701934940878
54.48677063556863
58.53816454871209
73.41676017508948
74.86627544767362
70.9010350364448
75.01722357286398
84.73634176050672
72.23605675676006
33.83943138787044
33.286182579114964
15.74443699592607
18.844375535025385
4.5677694015793175
3.088752297100042
2.9580989059405174
5.238911702494562
5.852920972548777
14.445860578677923
20.088146286689835
27.278464317958505
1.8811919483259505
6.105834034990551
8.999947046270394
15.405347611964178
14.285544649820356
20.396658113243973
29.448225158809038
38.28621125752793
44.99930836717874
35.18643461302163
41.71094336218191
53.85024986651422
49.020217949867536
57.45482497514148
71.96934243985105
120.03540325497352
140.3980673394311
115.40325460897839
135.05186039781375
101.39802577427712
49.72349789504436
46.94281301703779
43.31114018850751
40.81315993494348
19.69034119680201
14.060864781082712
9.774929125126052
4.034434522849719
4.504975368908809
5.723166350291347
8.226979787229144
20.112485474820225
26.62572526264705
2.688136080547432
4.066900864171833
5.817443887943505
9.717198159688275
21.090768643105903
19.2973469780676
21.714778226158842
24.027822766425764
34.916188025164374
36.56232105816878
35.07317848066542
45.34217114183823
59.232512414548324
55.520861794500334
73.43412108849114
78.39380928889767
92.41372564161435
82.60390016043229
94.48119991536535
69.6137034264976
40.810130597234476
33.082593958744866
42.47467025275026
13.403405771587718
27.48289318962572
20.881364464515798
7.047679478426149
3.162019629485284
3.7299880193174504
4.4845472804312845
12.720478233142071
13.339130074862556
3.9882250727200956
4.887083181323802
5.196875324015201
14.274911398271476
19.280394939593847
21.798797270562254
25.99525895239584
41.6711268733564
37.43531408398145
42.16105323211974
35.04400146072958
52.48590893785028
67.56016990362323
63.48835414561516
80.58228250702305
101.09265375287768
60.60037001739089
92.90547932321195
73.67104951397079
62.926403006375935
54.05472179675229
21.966821083842582
33.962003859858264
29.20075829397652
16.86963173169836
12.270983273522983
9.715806317494609
4.2078642544414855
4.717186726609679
8.941937115765516
10.022844253281479
2.192684407102394
5.921237639978116
13.368127822541936
15.448228691438928
18.100687457020683
16.558878931375084
25.843043842102187
24.04925575465396
29.712354405520813
30.378524567549128
40.14180858065214
42.63984242203412
37.63996134233623
75.13922456447415
71.15525918202229
111.39315026427867
79.09917442701743
68.59689156235633
71.78977552852126
56.51226497285581
52.5737405536801
52.058889994757024
36.8033666914084
28.267647262710895
18.746961100478963
8.69459521529221
4.021120910641683
2.726786447347954
5.643030925471592
5.561305267219105
4.412802384500664
6.505118263322068
17.023833344811337
16.6577483006473
19.873557919383146
25.132643522656515
26.28332406350156
44.56063788584018
35.18566107237135
36.13950345151359
32.01137388020382
42.863983448930426
65.87529396675771
62.206963065902364
92.00538555812629
54.20768924463201
111.58563770218545
70.72457126969061
95.74475977900497
60.94997792302499
40.85144655369349
34.08501117156189
32.09984063383183
19.840412048207906
11.066218691454699
8.984081533365487
4.1941261978782425
5.239026424193298
4.147857565143496
2.9233045025016455
12.217971010364014
12.346244355569382
14.73014323317004
18.479897929294346
22.235321783668148
28.922100500142374
37.80245603855424
63.22525334913816
44.73386211273765
40.181216789880736
54.311444446945984
74.62907609682794
73.3660830182985
92.28163520452249
128.55710914965798
88.68881447872515
74.47952363489226
81.97053213775953
71.16150721640692
37.416414881303794
41.1269715401187
23.421065707551982
11.58286211612055
11.75650050062479
7.297989216705499
2.39338813022073
4.8437805121169095
2.668759466067816
8.364978367226666
5.666011832590577
10.039908127554195
10.511616732876153
16.1265507540392
17.65081523407074
18.72595026348914
21.359198779551463
37.01807183764954
37.89368614466118
41.78578936196764
71.30627348309955
99.77280860667422
83.9490578613424
107.5080754220566
90.30470596496244
72.89006565020969
69.86717918505298
62.41430242905211
29.585644384736046
42.852867739070334
29.10506565126586
24.649113357567792
16.655580823458052
8.571660770869942
6.090456488169822
3.999339099284253
5.648275237543658
9.184662283758968
10.831840022696674
12.685549960116663
18.048051490990744
23.41325235445465
24.389350722334992
30.24382229055325
42.74145279298476
56.175843004870686
77.26832647270119
86.50904705462906
67.51333751087873
64.49699574693011
75.64672109513631
79.16802218632785
67.36076972343992
44.31145931231046
49.37475372551134
39.38461095601817
42.144847051465135
28.750495690625854
29.070228203271427
20.017681195657616
9.673584656510073
2.557119663281025
7.095760273393001
11.326612865087291
7.819863278013069
9.70240869615269
8.208912707559724
17.638177556179897
22.249495652853824
30.55575724336147
42.49900426152723
61.32318370205789
64.6045205510873
67.19596674547836
58.73600705144331
72.16943380610313
63.713310093614865
58.61793973583407
47.81684872855484
43.36400769129014
37.32718961821591
46.58032235313607
39.908664002357675
22.61197011823014
21.662105421001414
10.208575082745593
4.136967984636097
5.1428738673790235
5.90113384618687
8.304670995880223
5.424020577007068
11.769113327557815
12.431029379918904
25.089898027862702
33.95642070322514
48.893910579225874
57.86024694190294
52.8387127941091
63.35581342670372
64.19113304335843
62.38875759662355
54.73143048500893
53.84282137370889
42.06251874209535
41.314409692391564
44.6597114346246
42.1310484240746
35.85887403337927
30.448853976202283
22.23091494769803
1.9662836453326062
4.18579959812544
3.7100472073126047
6.223723972357757
6.361313550547175
10.188928675143949
11.240069681357749
27.965946040029014
37.82303757267132
48.9923762208544
57.86001513874099
60.47381386057573
63.12095061857883
72.11863857845643
63.37185018975682
62.334218026277924
57.480539389717094
67.49863893212677
55.46865036068513
49.50848542351487
46.37280271933916
38.49454834676449
28.667665512161218
4.58245679826445
3.6920121409832487
5.004998160861701
7.087066077113766
10.161618088400143
12.249231232826864
32.362079501793346
45.40153798084834
47.10067950959724
58.775434778520605
53.17966745058179
83.78022608185404
72.82895169707254
60.57435380442475
62.7273786053091
61.32879046070254
67.0757677806668
63.25085832562032
48.0581890985634
47.20668952041391
21.041127306562
33.0008055626599
3.928685877484486
4.024208226372837
6.175913301220115
6.653980223485389
13.103106055805032
19.299433341733476
25.804961689436965
39.926434741085004
55.50954349480144
51.287095970103564
45.996973136897225
61.14859222223785
66.02321936723436
70.15407898389469
59.35995904133857
63.612670486124195
61.016021383353845
56.66880255243824
44.40931747336349
35.70109151242636
32.46884148868893
3.5446856760229952
3.8538956058597256
5.061710625107258
10.091931644067117
15.626829002228558
25.31652540500087
37.657032360670506
49.86504831957384
59.8994385264031
64.76085691543324
71.39227984569989
67.47722221762523
78.75094443977954
77.2305542672721
62.66903593357739
74.98743124929118
59.20148993461984
49.69990775485384
46.282452691693365
31.003062859333355
2.8364642176437984
6.8576048474795925
6.114248481669929
10.56971915652451
28.302038753107254
41.46452872690138
58.41898446799844
60.19823979170813
66.93699270042028
108.08136733043133
73.63194519695844
61.52992096681737
56.32613807387818
65.83902251966956
70.40186391250123
65.15004377154621
56.48096296458136
65.11451390744294
57.89063252177892
4.906133695337864
9.023569053465106
13.698622838766962
23.572097147829467
35.58453486844006
53.77898479015519
55.601910675644774
69.5534698576286
75.22929470267353
68.3228256646798
63.70443877193001
63.13186517489444
61.65792625791672
79.78367208787563
86.80654650242826
63.01478636726
39.927133036830426
44.15111569474445
6.390169308971323
6.358185890455046
19.09686815660428
27.009722397204218
53.08706572340833
62.022287849883114
69.32878893804381
113.43049503879988
75.45885618617703
96.60950578797947
63.28267565762124
70.86922426392604
91.61029118807467
102.01339032957392
73.98946629864261
52.88731271806266
44.27457942033528
4.797574983417654
13.033444698873584
23.44260019519555
44.64956530454891
53.593582921464275
55.133025011547716
74.79953345868526
72.91588182444102
80.57637758112068
63.814127775666705
64.3809810641106
94.64248370531158
103.1626215537843
93.9234788951922
60.55808947644681
60.659254948482435
8.074058771070968
15.229860232973053
31.38564820450333
41.860207825826805
49.70341446498021
61.427458576439236
92.18270875897403
72.68605511956298
62.955072511622916
61.38109770193119
80.01567576213915
109.71604663660867
84.079587481295
73.98777478151351
66.82296162955605
6.844139284604777
21.093205798547572
27.85359752715701
35.21186846564952
60.54054533980894
64.43119535991354
55.8704842054168
60.1712593984085
77.91877805944495
83.74291086201274
165.92363438796554
92.8774586955348
97.59395293133352
92.6476625061551
5.093587243484363
16.52717606006737
20.769859336817444
25.622367523379907
44.00518775147913
36.683592508270394
41.37817744401737
101.83224391265001
92.86502350936469
90.6963321707559
94.75051412647173
112.11253083312519
112.43895744544034
6.226642495158625
10.916302813543236
27.16360219406721
32.33599360684561
44.89164556688819
55.787736478800674
59.756778791992005
60.92091730121522
135.18245812496636
97.23407002845852
104.93501320389228
73.73438865365128
6.73984802371616
17.61081652297094
21.634692208546767
35.4546543852264
45.122606612415694
52.66266442992783
73.54570009480669
134.63017401585435
124.19473241247111
91.79186358372903
36.12383956260663
10.160699961899791
11.061998891843526
14.934494974814601
27.918005401915615
35.684850683023555
49.208102200631345
58.92921295011354
62.50537355636257
81.706752015554
99.52492293313153
6.912848087595281
6.236674962307761
8.879693932140768
15.258938912432484
56.983485969597936
33.24928449833608
50.66849528704436
78.05983239498536
84.16154238530834
2.8437662969080613
5.521562866833932
10.107882406729406
23.523079278816855
49.83502773828907
48.10059279728094
75.79272487783842
62.741965467891205
2.3695785024822293
5.76333726396623
13.518905087740839
30.859443006920557
25.79535069227305
55.511711452848274
60.29833283467305
4.661700323368887
6.334500804498486
12.824537248791213
27.150788120383417
34.52255557090879
33.41511219052286
2.5752887083509437
12.871533798748825
12.617614582766986
21.488005911163544
35.850220327778885
3.9504841685369048
12.735809734698563
10.340253181334191
17.685203614900235
2.8006822135899503
4.589673214057762
10.868500879473956
3.1068336137508226
9.088628181325365
2.550829011324857
